<svg width="68" height="85" viewBox="0 0 68 85" fill="none" xmlns="http://www.w3.org/2000/svg">
<path fill-rule="evenodd" clip-rule="evenodd" d="M14.3548 55.6552C11.0134 55.6594 8.36032 52.9795 8.38535 49.6276C8.41038 46.3132 11.0385 43.7043 14.3507 43.7002C17.6963 43.7002 20.3285 46.355 20.316 49.7278C20.3076 53.0254 17.6629 55.6552 14.3548 55.6552ZM14.4216 40.5778C9.36984 40.5444 5.29006 44.5935 5.2692 49.6568C5.24835 54.7536 9.24469 58.7775 14.334 58.7859C19.4275 58.7942 23.4488 54.7703 23.4321 49.686C23.4155 44.6519 19.4191 40.6112 14.4216 40.5778Z" fill="#479DDB"/>
<path fill-rule="evenodd" clip-rule="evenodd" d="M34.2406 59.8253C30.9201 59.8378 28.2253 57.1454 28.2253 53.806C28.2253 50.571 30.9409 47.8702 34.2114 47.8661C37.4945 47.8577 40.1768 50.4958 40.2268 53.7768C40.2769 57.0703 37.5654 59.8086 34.2406 59.8253ZM34.2824 44.7396C29.264 44.7103 25.1133 48.8178 25.1133 53.8102C25.1091 58.8401 29.1931 62.9392 34.2198 62.9476C39.2298 62.9601 43.3346 58.8527 43.3388 53.8227C43.343 48.8679 39.259 44.7688 34.2824 44.7396Z" fill="#479DDB"/>
<path fill-rule="evenodd" clip-rule="evenodd" d="M53.6967 55.6593C50.3469 55.6468 47.7147 52.9794 47.7314 49.615C47.7481 46.3257 50.4053 43.6959 53.7134 43.7001C57.0506 43.7043 59.7121 46.3967 59.6787 49.7402C59.6495 53.0421 56.9922 55.6677 53.6967 55.6593ZM53.801 40.5778C48.7576 40.5319 44.6611 44.5642 44.6111 49.6275C44.561 54.6909 48.5824 58.7608 53.6592 58.7858C58.7401 58.815 62.7907 54.7869 62.7907 49.7152C62.7865 44.6852 58.7902 40.6237 53.801 40.5778Z" fill="#479DDB"/>
<path fill-rule="evenodd" clip-rule="evenodd" d="M67.1084 84.207C67.1167 84.7121 66.9916 84.9291 66.4243 84.9584C63.9839 85.0794 63.9881 85.1003 63.9839 82.625C63.9839 80.2999 64.0215 77.9749 63.9547 75.654C63.8212 70.9955 60.7718 67.0217 56.2874 65.569C52.0241 64.1832 47.281 65.6609 44.436 69.2423C44.0898 69.6806 43.8603 69.977 44.3985 70.528C46.9556 73.1494 48.2154 76.3469 48.3364 79.991C48.3823 81.3769 48.3322 82.7669 48.3614 84.1527C48.3781 84.7037 48.253 84.9375 47.6273 84.9584C45.2328 85.0377 45.2328 85.0627 45.2369 82.7001C45.2369 80.7591 45.312 78.8181 44.6821 76.9355C43.0219 71.964 37.9117 68.6621 32.9726 69.3926C27.3285 70.2275 23.403 74.5269 23.2237 80.1079C23.1778 81.4603 23.1903 82.817 23.2195 84.1694C23.232 84.7371 23.0652 84.9417 22.4644 84.9584C20.0908 85.0293 20.1159 85.0544 20.0867 82.6625C20.0533 79.6988 20.12 76.7643 21.5092 74.0344C22.1307 72.8197 22.8899 71.7093 23.8285 70.7284C24.179 70.3652 24.2207 70.1231 23.912 69.6848C21.2964 65.9238 16.4157 64.1915 11.9563 65.4855C7.45521 66.7879 4.16802 70.8995 4.05122 75.4828C3.9803 78.3255 4.00116 81.1723 4.03036 84.015C4.0387 84.7371 3.83847 84.9625 3.10011 84.9625C0.897526 84.9542 0.897526 84.9834 0.897526 82.817C0.901698 80.3876 0.814095 77.954 0.939242 75.5329C1.24794 69.6973 4.13882 65.5106 9.41166 63.0853C14.9765 60.5307 21.9805 62.2964 25.8351 67.1469C26.5234 68.0151 26.9948 68.1529 28.0126 67.6394C32.0632 65.5857 36.2097 65.5774 40.3103 67.5267C41.1071 67.9066 41.5118 67.8648 42.1041 67.1594C46.0546 62.4592 51.1689 60.8939 56.9548 62.5427C62.503 64.1289 65.8611 68.0485 66.9123 73.8131C67.2669 75.7458 67.0125 77.691 67.1042 79.2772C67.1042 81.1556 67.0875 82.6834 67.1084 84.207Z" fill="#479DDB"/>
<path fill-rule="evenodd" clip-rule="evenodd" d="M27.7497 13.6121C27.7664 14.7183 26.8528 15.6324 25.7182 15.6366C24.571 15.6408 23.6533 14.7726 23.6324 13.658C23.6115 12.5185 24.6044 11.5 25.7182 11.5208C26.8028 11.5417 27.733 12.4976 27.7497 13.6121Z" fill="#479DDB"/>
<path fill-rule="evenodd" clip-rule="evenodd" d="M36.0595 13.5454C36.072 14.6098 35.0625 15.6075 33.9862 15.5949C32.9475 15.5866 31.9756 14.6516 31.938 13.6247C31.8963 12.506 32.9058 11.4541 34.0113 11.4625C35.0875 11.4708 36.0512 12.4517 36.0595 13.5454Z" fill="#479DDB"/>
<path fill-rule="evenodd" clip-rule="evenodd" d="M44.8531 13.6165C44.8322 14.6642 43.8978 15.5867 42.8466 15.5993C41.762 15.6118 40.7983 14.6475 40.7983 13.5539C40.7983 12.3893 41.787 11.4125 42.9091 11.4668C44.0146 11.521 44.8781 12.4769 44.8531 13.6165Z" fill="#479DDB"/>
<mask id="mask0_0_1054" style="mask-type:alpha" maskUnits="userSpaceOnUse" x="0" y="0" width="68" height="32">
<path fill-rule="evenodd" clip-rule="evenodd" d="M0 0H68V31.1701H0V0Z" fill="white"/>
</mask>
<g mask="url(#mask0_0_1054)">
<path fill-rule="evenodd" clip-rule="evenodd" d="M64.9016 22.687C64.9058 23.6053 64.7055 23.9726 63.7043 23.9309C61.6269 23.8516 59.5453 23.9434 57.4637 23.8933C56.5585 23.8725 55.8702 24.1521 55.2695 24.82C54.5978 25.5672 53.847 26.2393 53.1587 26.9739C52.8124 27.3413 52.5663 27.3246 52.2284 26.9656C51.49 26.185 50.7058 25.4462 49.9633 24.6697C49.4543 24.1354 48.8745 23.8892 48.1236 23.8975C44.9324 23.9226 41.7453 23.9226 38.5541 23.8975C37.799 23.8892 37.2275 24.1438 36.7186 24.6823C36.0303 25.4128 35.271 26.0806 34.6078 26.8362C34.1322 27.3788 33.8152 27.2953 33.373 26.8111C32.6722 26.0431 31.9046 25.3376 31.1829 24.5904C30.7199 24.1104 30.1901 23.8975 29.5185 23.9017C26.2939 23.9184 23.0693 23.9226 19.8446 23.8975C19.1355 23.8933 18.5723 24.1104 18.0884 24.6197C17.3959 25.346 16.6284 26.0097 15.9776 26.7736C15.4395 27.408 15.0849 27.2912 14.5927 26.7318C13.9794 26.0305 13.2619 25.4169 12.632 24.724C12.0772 24.1104 11.4306 23.8808 10.6047 23.8975C8.42294 23.9309 6.23705 23.8808 4.05533 23.9226C3.3253 23.9351 3.10421 23.6805 3.10838 22.9667C3.12924 16.6552 3.13341 10.3396 3.10004 4.02814C3.09587 3.15155 3.49634 3.10981 4.17213 3.11398C14.1213 3.1265 24.0704 3.12233 34.0196 3.12233C43.8978 3.12233 53.7761 3.13903 63.6543 3.09728C64.6847 3.09311 64.9099 3.39366 64.9058 4.3746C64.8599 10.4773 64.8682 16.5842 64.9016 22.687ZM67.9885 3.03467C67.9802 0.951726 66.9999 0 64.9099 0H3.04164C1.01009 0 0.0172637 0.955901 0.0130922 2.98041C-0.00359405 9.98478 -0.00359405 16.9891 0.00892061 23.9977C0.0130922 26.0472 1.02678 27.0157 3.11256 27.0282C5.18999 27.0407 7.27159 27.0658 9.34902 27.0157C10.1708 26.9948 10.7882 27.191 11.3514 27.8213C12.1523 28.7313 13.045 29.5578 13.9127 30.4093C14.9389 31.4153 15.6564 31.4237 16.6659 30.4344C17.6337 29.491 18.5974 28.5393 19.536 27.5667C19.8947 27.191 20.2743 27.0157 20.8083 27.0198C23.3738 27.0449 25.9393 27.0449 28.5006 27.0198C29.0346 27.0157 29.4142 27.1868 29.7771 27.5625C30.6865 28.5142 31.6293 29.4367 32.5679 30.3634C33.6441 31.4278 34.3199 31.4195 35.3962 30.4093C36.5809 29.3032 37.4611 27.6376 38.9545 27.1576C40.4313 26.6859 42.2 27.2035 43.8019 26.9948C46.7303 26.6233 49.0747 27.3997 50.7767 29.8792C50.9519 30.1297 51.2105 30.33 51.4358 30.5387C52.341 31.3777 53.0752 31.3861 53.9721 30.5262C54.9441 29.587 55.9119 28.6394 56.8338 27.6502C57.276 27.1743 57.7474 27.0073 58.3814 27.0198C60.5673 27.0532 62.7491 27.0407 64.935 27.0282C66.9915 27.0157 67.9802 26.0264 67.9885 23.9518C68.0052 20.483 67.9927 17.0142 67.9927 13.5454C67.9969 10.0432 68.0094 6.54103 67.9885 3.03467Z" fill="#479DDB"/>
</g>
<path fill-rule="evenodd" clip-rule="evenodd" d="M27.7497 13.6121C27.7664 14.7183 26.8528 15.6324 25.7182 15.6366C24.571 15.6408 23.6533 14.7726 23.6324 13.658C23.6115 12.5185 24.6044 11.5 25.7182 11.5208C26.8028 11.5417 27.733 12.4976 27.7497 13.6121Z" fill="#FEFEFE"/>
<path fill-rule="evenodd" clip-rule="evenodd" d="M36.0595 13.5454C36.072 14.6098 35.0625 15.6075 33.9862 15.5949C32.9475 15.5866 31.9756 14.6516 31.938 13.6247C31.8963 12.506 32.9058 11.4541 34.0113 11.4625C35.0875 11.4708 36.0512 12.4517 36.0595 13.5454Z" fill="#FEFEFE"/>
<path fill-rule="evenodd" clip-rule="evenodd" d="M44.8531 13.6165C44.8322 14.6642 43.8978 15.5867 42.8466 15.5993C41.762 15.6118 40.7983 14.6475 40.7983 13.5539C40.7983 12.3893 41.787 11.4125 42.9091 11.4668C44.0146 11.521 44.8781 12.4769 44.8531 13.6165Z" fill="#FEFEFE"/>
<mask id="mask1_0_1054" style="mask-type:alpha" maskUnits="userSpaceOnUse" x="0" y="0" width="68" height="32">
<path fill-rule="evenodd" clip-rule="evenodd" d="M0 0H68V31.1701H0V0Z" fill="white"/>
</mask>
<g mask="url(#mask1_0_1054)">
<path fill-rule="evenodd" clip-rule="evenodd" d="M64.9016 22.687C64.9058 23.6053 64.7055 23.9726 63.7043 23.9309C61.6269 23.8516 59.5453 23.9434 57.4637 23.8933C56.5585 23.8725 55.8702 24.1521 55.2695 24.82C54.5978 25.5672 53.847 26.2393 53.1587 26.9739C52.8124 27.3413 52.5663 27.3246 52.2284 26.9656C51.49 26.185 50.7058 25.4462 49.9633 24.6697C49.4543 24.1354 48.8745 23.8892 48.1236 23.8975C44.9324 23.9226 41.7453 23.9226 38.5541 23.8975C37.799 23.8892 37.2275 24.1438 36.7186 24.6823C36.0303 25.4128 35.271 26.0806 34.6078 26.8362C34.1322 27.3788 33.8152 27.2953 33.373 26.8111C32.6722 26.0431 31.9046 25.3376 31.1829 24.5904C30.7199 24.1104 30.1901 23.8975 29.5185 23.9017C26.2939 23.9184 23.0693 23.9226 19.8446 23.8975C19.1355 23.8933 18.5723 24.1104 18.0884 24.6197C17.3959 25.346 16.6284 26.0097 15.9776 26.7736C15.4395 27.408 15.0849 27.2912 14.5927 26.7318C13.9794 26.0305 13.2619 25.4169 12.632 24.724C12.0772 24.1104 11.4306 23.8808 10.6047 23.8975C8.42294 23.9309 6.23705 23.8808 4.05533 23.9226C3.3253 23.9351 3.10421 23.6805 3.10838 22.9667C3.12924 16.6552 3.13341 10.3396 3.10004 4.02814C3.09587 3.15155 3.49634 3.10981 4.17213 3.11398C14.1213 3.1265 24.0704 3.12233 34.0196 3.12233C43.8978 3.12233 53.7761 3.13903 63.6543 3.09728C64.6847 3.09311 64.9099 3.39366 64.9058 4.3746C64.8599 10.4773 64.8682 16.5842 64.9016 22.687ZM67.9885 3.03467C67.9802 0.951726 66.9999 0 64.9099 0H3.04164C1.01009 0 0.0172637 0.955901 0.0130922 2.98041C-0.00359405 9.98478 -0.00359405 16.9891 0.00892061 23.9977C0.0130922 26.0472 1.02678 27.0157 3.11256 27.0282C5.18999 27.0407 7.27159 27.0658 9.34902 27.0157C10.1708 26.9948 10.7882 27.191 11.3514 27.8213C12.1523 28.7313 13.045 29.5578 13.9127 30.4093C14.9389 31.4153 15.6564 31.4237 16.6659 30.4344C17.6337 29.491 18.5974 28.5393 19.536 27.5667C19.8947 27.191 20.2743 27.0157 20.8083 27.0198C23.3738 27.0449 25.9393 27.0449 28.5006 27.0198C29.0346 27.0157 29.4142 27.1868 29.7771 27.5625C30.6865 28.5142 31.6293 29.4367 32.5679 30.3634C33.6441 31.4278 34.3199 31.4195 35.3962 30.4093C36.5809 29.3032 37.4611 27.6376 38.9545 27.1576C40.4313 26.6859 42.2 27.2035 43.8019 26.9948C46.7303 26.6233 49.0747 27.3997 50.7767 29.8792C50.9519 30.1297 51.2105 30.33 51.4358 30.5387C52.341 31.3777 53.0752 31.3861 53.9721 30.5262C54.9441 29.587 55.9119 28.6394 56.8338 27.6502C57.276 27.1743 57.7474 27.0073 58.3814 27.0198C60.5673 27.0532 62.7491 27.0407 64.935 27.0282C66.9915 27.0157 67.9802 26.0264 67.9885 23.9518C68.0052 20.483 67.9927 17.0142 67.9927 13.5454C67.9969 10.0432 68.0094 6.54103 67.9885 3.03467Z" fill="#FEFEFE"/>
</g>
<path fill-rule="evenodd" clip-rule="evenodd" d="M67.1084 84.207C67.1167 84.7121 66.9916 84.9291 66.4243 84.9584C63.9839 85.0794 63.9881 85.1003 63.9839 82.625C63.9839 80.2999 64.0215 77.9749 63.9547 75.654C63.8212 70.9955 60.7718 67.0217 56.2874 65.569C52.0241 64.1832 47.281 65.6609 44.436 69.2423C44.0898 69.6806 43.8603 69.977 44.3985 70.528C46.9556 73.1494 48.2154 76.3469 48.3364 79.991C48.3823 81.3769 48.3322 82.7669 48.3614 84.1527C48.3781 84.7037 48.253 84.9375 47.6273 84.9584C45.2328 85.0377 45.2328 85.0627 45.2369 82.7001C45.2369 80.7591 45.312 78.8181 44.6821 76.9355C43.0219 71.964 37.9117 68.6621 32.9726 69.3926C27.3285 70.2275 23.403 74.5269 23.2237 80.1079C23.1778 81.4603 23.1903 82.817 23.2195 84.1694C23.232 84.7371 23.0652 84.9417 22.4644 84.9584C20.0908 85.0293 20.1159 85.0544 20.0867 82.6625C20.0533 79.6988 20.12 76.7643 21.5092 74.0344C22.1307 72.8197 22.8899 71.7093 23.8285 70.7284C24.179 70.3652 24.2207 70.1231 23.912 69.6848C21.2964 65.9238 16.4157 64.1915 11.9563 65.4855C7.45521 66.7879 4.16802 70.8995 4.05122 75.4828C3.9803 78.3255 4.00116 81.1723 4.03036 84.015C4.0387 84.7371 3.83847 84.9625 3.10011 84.9625C0.897526 84.9542 0.897526 84.9834 0.897526 82.817C0.901698 80.3876 0.814095 77.954 0.939242 75.5329C1.24794 69.6973 4.13882 65.5106 9.41166 63.0853C14.9765 60.5307 21.9805 62.2964 25.8351 67.1469C26.5234 68.0151 26.9948 68.1529 28.0126 67.6394C32.0632 65.5857 36.2097 65.5774 40.3103 67.5267C41.1071 67.9066 41.5118 67.8648 42.1041 67.1594C46.0546 62.4592 51.1689 60.8939 56.9548 62.5427C62.503 64.1289 65.8611 68.0485 66.9123 73.8131C67.2669 75.7458 67.0125 77.691 67.1042 79.2772C67.1042 81.1556 67.0875 82.6834 67.1084 84.207Z" fill="#FEFEFE"/>
<path fill-rule="evenodd" clip-rule="evenodd" d="M14.3548 55.6552C11.0134 55.6594 8.36032 52.9795 8.38535 49.6276C8.41038 46.3132 11.0385 43.7043 14.3507 43.7002C17.6963 43.7002 20.3285 46.355 20.316 49.7278C20.3076 53.0254 17.6629 55.6552 14.3548 55.6552ZM14.4216 40.5778C9.36984 40.5444 5.29006 44.5935 5.2692 49.6568C5.24835 54.7536 9.24469 58.7775 14.334 58.7859C19.4275 58.7942 23.4488 54.7703 23.4321 49.686C23.4155 44.6519 19.4191 40.6112 14.4216 40.5778Z" fill="#FEFEFE"/>
<path fill-rule="evenodd" clip-rule="evenodd" d="M53.6967 55.6593C50.3469 55.6468 47.7147 52.9794 47.7314 49.615C47.7481 46.3257 50.4053 43.6959 53.7134 43.7001C57.0506 43.7043 59.7121 46.3967 59.6787 49.7402C59.6495 53.0421 56.9922 55.6677 53.6967 55.6593ZM53.801 40.5778C48.7576 40.5319 44.6611 44.5642 44.6111 49.6275C44.561 54.6909 48.5824 58.7608 53.6592 58.7858C58.7401 58.815 62.7907 54.7869 62.7907 49.7152C62.7865 44.6852 58.7902 40.6237 53.801 40.5778Z" fill="#FEFEFE"/>
<path fill-rule="evenodd" clip-rule="evenodd" d="M34.2406 59.8253C30.9201 59.8378 28.2253 57.1454 28.2253 53.806C28.2253 50.571 30.9409 47.8702 34.2114 47.8661C37.4945 47.8577 40.1768 50.4958 40.2268 53.7768C40.2769 57.0703 37.5654 59.8086 34.2406 59.8253ZM34.2824 44.7396C29.264 44.7103 25.1133 48.8178 25.1133 53.8102C25.1091 58.8401 29.1931 62.9392 34.2198 62.9476C39.2298 62.9601 43.3346 58.8527 43.3388 53.8227C43.343 48.8679 39.259 44.7688 34.2824 44.7396Z" fill="#FEFEFE"/>
<path fill-rule="evenodd" clip-rule="evenodd" d="M27.7497 13.6121C27.7664 14.7183 26.8528 15.6324 25.7182 15.6366C24.571 15.6408 23.6533 14.7726 23.6324 13.658C23.6115 12.5185 24.6044 11.5 25.7182 11.5208C26.8028 11.5417 27.733 12.4976 27.7497 13.6121Z" fill="#479DDB"/>
<path fill-rule="evenodd" clip-rule="evenodd" d="M36.0595 13.5454C36.072 14.6098 35.0625 15.6075 33.9862 15.5949C32.9475 15.5866 31.9756 14.6516 31.938 13.6247C31.8963 12.506 32.9058 11.4541 34.0113 11.4625C35.0875 11.4708 36.0512 12.4517 36.0595 13.5454Z" fill="#479DDB"/>
<path fill-rule="evenodd" clip-rule="evenodd" d="M44.8531 13.6165C44.8322 14.6642 43.8978 15.5867 42.8466 15.5993C41.762 15.6118 40.7983 14.6475 40.7983 13.5539C40.7983 12.3893 41.787 11.4125 42.9091 11.4668C44.0146 11.521 44.8781 12.4769 44.8531 13.6165Z" fill="#479DDB"/>
<path fill-rule="evenodd" clip-rule="evenodd" d="M27.7497 13.6121C27.7664 14.7183 26.8528 15.6324 25.7182 15.6366C24.571 15.6408 23.6533 14.7726 23.6324 13.658C23.6115 12.5185 24.6044 11.5 25.7182 11.5208C26.8028 11.5417 27.733 12.4976 27.7497 13.6121Z" fill="#FDFEFE"/>
<path fill-rule="evenodd" clip-rule="evenodd" d="M36.0595 13.5454C36.072 14.6098 35.0625 15.6075 33.9862 15.5949C32.9475 15.5866 31.9756 14.6516 31.938 13.6247C31.8963 12.506 32.9058 11.4541 34.0113 11.4625C35.0875 11.4708 36.0512 12.4517 36.0595 13.5454Z" fill="#FDFDFE"/>
<path fill-rule="evenodd" clip-rule="evenodd" d="M44.8531 13.6165C44.8322 14.6642 43.8978 15.5867 42.8466 15.5993C41.762 15.6118 40.7983 14.6475 40.7983 13.5539C40.7983 12.3893 41.787 11.4125 42.9091 11.4668C44.0146 11.521 44.8781 12.4769 44.8531 13.6165Z" fill="#FDFEFE"/>
</svg>
